706
96 32 47 81 26 78 88 49 97 59 87 89 16 99 15 21 85 23 92 61 46 1 12 94 19 93 51 75 91 58 57 9 50 54 64 84 37 60 8 45 43 25 13 70 56 11 20 3 44 71 40 5 6 55 17 79 10 27 83 80 18 86 62 29 65 42 28 39 90 30 72 52 33 2 69 82 4 38 24 34 67 66 35 48 95 53 63 74 76 36 22 31 98 77 100 14 73 7 41 68
718
57 5 88 73 71 43 98 13 10 85 2 18 6 90 89 34 49 42 14 99 78 80 56 16 28 93 24 63 66 38 22 21 92 47 3 64 77 46 59 25 7 31 45 48 81 15 67 84 50 96 86 72 82 53 37 33 87 9 1 76 65 69 58 61 62 52 51 41 70 74 97 40 12 19 39 44 35 94 100 27 83 11 20 91 95 75 60 8 4 17 55 23 36 68 29 79 54 32 26 30
701
72 12 14 31 65 39 49 90 4 29 9 43 33 5 3 91 52 88 89 30 15 98 71 26 63 2 54 95 37 70 34 18 92 85 61 41 87 82 25 6 83 21 16 7 8 99 76 75 46 44 73 35 78 48 24 17 74 81 64 51 32 23 36 59 77 38 60 97 84 67 56 96 27 57 66 80 47 45 50 62 28 93 100 58 22 86 1 55 68 94 42 13 69 20 53 40 19 79 10 11
713
86 92 19 10 57 1 66 23 65 20 22 70 64 94 5 27 42 6 29 99 13 100 67 80 36 83 21 46 15 54 3 44 35 49 89 95 14 40 76 9 97 77 81 2 74 58 88 39 90 37 31 18 47 59 93 71 62 73 17 85 26 51 98 8 52 60 68 78 12 38 30 33 63 11 56 28 24 55 84 53 61 82 41 43 25 48 96 69 91 16 50 45 87 72 79 7 4 32 75 34
702
67 50 19 13 16 98 90 91 22 79 6 80 18 81 60 32 31 47 70 84 7 24 5 83 87 12 51 30 61 26 9 56 36 63 59 69 57 71 35 82 93 20 92 73 2 11 1 100 68 48 65 54 75 23 34 96 76 74 38 4 17 94 44 27 41 37 66 29 99 10 49 78 3 45 25 39 40 88 52 46 21 86 28 8 42 95 97 58 43 85 53 62 77 72 89 64 33 15 14 55
703
25 92 11 84 57 13 10 28 50 61 7 16 100 34 59 36 71 33 79 5 70 4 14 20 94 80 82 89 12 8 55 24 88 1 97 46 9 60 37 65 81 67 17 6 42 68 87 76 95 53 31 45 58 86 29 2 66 74 62 3 22 26 56 15 64 49 44 85 27 96 35 63 69 54 48 23 91 51 73 47 78 72 75 39 40 38 99 93 98 32 21 90 41 77 43 30 19 83 18 52
707
92 35 16 6 33 75 47 10 73 55 22 67 20 5 27 49 61 28 3 26 78 97 21 54 99 95 2 84 89 18 15 68 86 79 100 59 12 32 58 8 81 9 93 66 43 36 80 48 42 34 38 64 52 63 87 41 44 72 53 17 30 82 23 50 25 24 77 40 11 90 19 37 29 96 76 45 60 70 85 71 46 7 94 39 62 4 1 69 98 88 31 51 13 91 56 74 65 83 57 14
708
3 77 68 95 38 30 43 99 83 55 47 41 8 88 64 86 69 90 17 6 18 97 16 82 22 98 1 9 94 31 15 48 24 20 54 92 59 39 28 12 7 42 73 57 72 53 76 32 70 27 33 52 51 46 85 93 75 14 44 62 49 26 71 13 91 40 87 67 19 79 21 100 63 2 25 61 80 11 81 96 4 50 5 60 23 37 29 65 10 78 56 34 66 84 89 45 58 35 74 36
712
70 17 87 53 46 82 49 37 29 24 35 3 64 77 88 27 61 65 23 81 74 47 85 71 11 22 43 38 33 97 83 1 94 96 73 7 32 20 67 10 42 5 2 84 72 56 95 36 50 69 8 4 80 31 63 100 16 21 66 98 9 57 41 19 91 99 55 44 58 86 93 92 40 45 34 79 6 14 15 26 54 75 39 52 78 89 48 18 30 90 76 25 60 59 13 68 28 12 51 62
708
95 85 23 80 98 59 33 76 74 6 10 3 53 27 96 7 29 77 42 68 93 62 40 73 2 97 56 81 55 11 22 39 37 75 88 19 90 64 79 70 31 72 21 25 43 4 28 14 5 82 9 94 35 67 46 8 100 58 38 48 87 92 16 20 78 50 91 63 45 57 36 65 1 54 84 41 51 24 89 83 32 52 61 26 69 15 86 30 66 47 17 71 49 13 60 34 99 44 18 12
705
82 98 33 5 36 1 45 48 46 2 6 41 94 63 76 7 12 24 40 74 49 30 38 64 47 18 28 87 100 77 75 68 72 92 55 54 50 21 14 71 52 16 89 96 10 95 51 26 81 53 35 39 84 58 15 34 31 57 17 97 19 88 3 8 44 69 80 61 67 56 62 11 93 29 4 79 66 99 78 70 22 85 42 59 37 9 73 27 91 25 13 86 90 60 43 32 83 23 20 65
709
98 3 41 55 78 19 89 73 59 40 64 20 53 58 38 80 42 9 81 52 99 16 84 43 37 54 50 22 35 48 77 90 47 60 21 29 18 85 32 63 93 15 33 14 25 56 61 91 51 30 87 83 27 49 26 24 28 23 92 65 5 6 66 34 2 17 67 12 70 31 13 94 100 57 44 97 7 8 68 45 1 39 76 11 82 71 62 36 10 95 86 4 46 96 75 79 69 74 88 72
711
24 94 39 52 72 4 58 66 7 80 54 83 61 25 71 99 38 97 28 56 60 73 57 87 35 45 49 63 2 51 16 18 10 31 26 74 13 84 40 17 100 98 1 15 29 90 37 59 78 12 85 44 75 42 96 92 19 93 77 79 3 50 81 27 36 76 55 5 70 64 14 88 65 47 43 82 46 89 62 8 34 11 48 23 86 21 95 33 68 67 32 91 6 30 41 53 69 22 9 20
705
34 22 6 76 70 43 95 78 90 9 48 1 16 14 79 99 30 63 12 84 15 18 44 67 58 41 92 68 38 96 50 91 87 98 53 13 86 29 56 51 11 55 8 100 71 93 54 4 73 77 81 35 64 74 52 21 46 75 28 88 27 49 37 32 42 59 5 17 31 60 40 72 82 61 94 85 57 47 33 45 2 26 66 89 36 97 20 25 65 39 62 23 24 3 69 83 19 10 80 7
708
99 17 23 8 45 41 54 3 93 5 30 4 86 16 39 50 37 84 88 19 87 77 74 32 73 65 27 25 2 51 34 49 64 68 69 46 57 80 13 76 59 31 94 56 33 98 18 97 48 42 6 100 53 62 85 47 10 22 89 78 14 91 61 72 9 75 70 24 92 66 40 7 15 83 96 95 82 21 67 55 29 71 44 36 79 58 28 20 12 63 90 81 60 38 11 26 1 52 43 35
703
6 80 99 57 92 29 68 66 43 71 82 69 63 74 87 46 30 5 84 21 15 14 96 75 2 52 70 19 91 81 41 34 18 31 54 64 48 98 16 67 89 90 59 4 65 13 94 10 1 12 47 56 83 17 79 7 44 97 88 76 23 8 50 25 32 72 22 28 24 38 36 27 45 49 40 37 20 55 58 78 86 3 51 53 93 33 95 42 9 77 73 39 11 62 60 26 61 35 100 85
723
78 97 60 91 46 63 2 31 96 43 90 5 83 13 6 40 3 76 49 14 80 11 85 86 22 33 27 77 10 16 74 37 72 94 100 7 68 48 71 70 4 19 30 66 57 99 69 79 54 64 75 12 41 15 52 98 88 25 34 93 50 21 62 1 26 23 95 84 8 81 20 38 58 56 73 89 51 32 67 65 36 53 44 47 9 18 42 17 61 59 45 55 35 82 28 87 39 29 24 92
720
41 36 97 11 58 17 72 56 87 91 83 98 100 93 51 4 25 24 89 18 6 10 44 85 30 88 62 37 19 80 49 28 15 29 82 26 21 9 7 33 53 55 90 14 59 67 8 52 50 42 94 2 74 3 78 16 23 47 1 31 76 64 45 27 39 96 65 69 5 66 70 79 34 99 92 73 32 84 77 43 35 75 63 46 22 48 86 38 68 40 81 57 61 54 71 13 60 95 20 12
719
95 47 8 40 12 10 50 4 32 30 77 44 41 57 23 71 96 99 48 42 59 45 58 39 37 89 29 55 46 79 56 51 93 35 52 60 76 3 67 33 61 92 88 65 70 63 73 5 84 27 98 19 1 6 18 15 91 21 94 11 64 38 66 25 81 75 26 82 22 85 83 31 36 100 20 13 16 74 69 14 97 80 54 78 17 7 87 72 53 49 86 90 34 43 62 2 9 68 24 28
725
85 12 40 27 73 39 38 66 29 16 33 86 14 43 24 28 80 90 22 56 7 67 70 46 21 74 34 68 91 23 82 92 99 94 64 35 63 57 13 37 10 26 4 96 97 18 81 5 53 100 51 89 95 77 71 8 72 54 84 58 55 78 3 2 50 42 49 98 88 59 17 76 93 1 45 87 11 32 69 62 6 20 44 60 9 47 83 52 75 15 48 25 41 30 36 19 31 79 65 61
723
54 53 62 21 3 90 1 29 18 85 25 33 89 35 68 20 10 59 2 19 5 48 61 66 76 97 11 78 98 79 83 92 49 38 36 56 14 32 94 82 22 47 50 55 27 43 34 64 26 69 42 75 81 6 12 87 74 70 7 39 63 58 84 100 99 95 91 93 9 46 24 30 23 80 57 13 16 88 72 15 77 86 73 71 31 41 60 65 51 17 8 67 45 44 28 40 96 52 37 4
729
50 8 2 23 30 17 72 51 4 1 41 40 61 46 88 13 100 86 95 81 83 58 64 77 54 6 99 10 90 44 55 79 16 11 67 28 56 7 68 63 57 38 89 87 37 75 91 52 43 47 5 29 66 49 59 21 92 70 96 3 19 74 35 27 22 12 73 60 53 39 15 18 82 42 80 14 25 33 85 76 34 26 65 62 24 9 97 98 36 69 45 31 20 94 78 48 32 93 84 71
707
85 6 63 25 45 81 40 26 61 33 32 73 51 46 76 36 96 7 8 98 19 43 41 23 21 57 97 74 56 2 88 77 93 16 53 91 90 10 52 59 20 18 99 62 86 44 35 68 75 30 31 13 72 89 65 39 82 22 28 67 5 64 42 84 29 50 80 78 100 3 1 94 83 27 37 15 17 12 54 24 79 87 11 92 69 71 14 95 66 48 58 9 49 55 38 47 70 4 34 60
716
64 76 6 43 1 70 52 98 16 13 66 58 73 19 60 88 80 72 40 63 33 26 65 75 68 97 14 3 15 67 84 38 61 49 23 47 17 54 20 57 18 50 37 91 96 10 93 35 95 87 8 12 85 69 94 86 9 81 82 29 22 79 42 55 25 89 11 5 83 4 46 90 48 59 28 78 44 74 31 100 99 32 71 41 53 39 92 2 21 56 27 24 45 7 30 62 34 77 36 51
728
65 22 76 78 51 77 74 27 79 69 99 6 46 4 2 58 84 40 67 11 72 3 75 28 16 56 91 50 62 97 9 19 71 68 92 23 8 12 18 80 88 21 20 34 63 93 5 53 32 14 39 86 44 85 66 82 42 49 17 43 59 48 94 10 60 38 70 45 35 89 87 24 98 13 31 57 95 26 54 52 61 90 81 47 15 29 25 100 64 83 1 96 33 36 7 73 37 30 55 41
730
82 33 70 65 20 30 58 78 44 9 87 52 43 56 42 23 83 26 28 71 60 19 6 8 64 53 7 85 46 90 15 51 47 96 40 66 1 91 45 99 77 68 35 81 22 34 12 32 57 21 73 98 49 72 79 16 24 4 62 2 14 50 92 97 17 31 89 61 10 13 37 93 11 76 41 75 94 84 29 67 95 86 5 36 55 69 80 3 59 18 74 54 25 100 48 27 63 38 88 39
715
59 82 23 47 61 14 68 71 33 30 90 1 54 57 49 25 34 63 77 3 67 24 22 56 51 15 62 8 12 85 98 16 94 41 87 89 97 46 40 99 26 95 83 5 93 39 44 6 18 79 17 21 74 31 72 4 19 36 42 78 38 69 58 73 76 37 7 11 84 66 86 20 48 28 96 27 70 55 9 45 100 13 91 75 29 60 92 43 53 81 50 64 88 80 10 35 52 32 2 65
714
54 10 96 63 78 8 80 97 50 51 67 79 98 22 76 6 14 29 25 92 20 17 69 65 33 48 89 100 19 36 52 43 74 42 55 57 40 73 37 77 90 5 60 56 12 75 58 39 21 99 86 95 18 93 1 35 41 81 71 72 24 45 87 27 64 53 9 28 11 66 38 59 62 13 88 34 84 61 82 16 2 4 30 47 15 91 44 32 7 26 46 83 23 49 68 94 31 70 3 85
730
88 28 55 74 72 76 37 86 93 99 56 27 53 68 60 40 12 45 17 100 38 21 90 7 87 79 34 39 13 3 96 95 5 19 48 75 22 4 35 66 58 84 80 29 10 97 59 50 46 77 1 51 64 47 49 25 44 8 18 85 69 91 73 67 54 81 6 71 83 78 16 11 32 36 65 26 41 33 70 9 42 20 30 31 98 24 23 63 92 57 94 61 15 82 52 14 2 43 89 62
711
18 81 1 12 36 32 43 41 7 65 69 9 96 6 90 15 82 92 72 23 63 5 74 59 58 45 21 77 31 8 80 91 52 48 60 87 42 98 2 71 75 13 76 67 55 40 56 44 50 28 78 33 97 25 86 62 84 49 22 79 57 54 20 47 4 95 37 51 11 70 83 19 16 29 46 35 3 30 26 61 24 68 14 94 66 10 100 39 85 89 73 34 99 17 53 88 27 93 38 64
703
65 16 14 56 1 47 28 58 48 32 63 99 26 11 68 23 40 83 3 7 17 53 98 75 44 20 73 13 25 93 79 30 94 41 22 74 15 71 49 29 72 59 84 36 81 45 38 42 34 39 86 9 46 66 95 62 54 18 100 91 8 90 33 2 35 6 87 51 64 57 10 50 60 76 27 85 78 12 52 77 97 70 89 55 69 92 82 96 4 37 61 43 88 67 21 24 80 19 31 5
720
22 8 5 23 24 55 35 97 53 37 61 69 80 73 17 77 20 72 75 44 30 26 96 70 45 91 64 42 39 18 87 9 100 10 63 98 1 21 16 41 67 6 51 92 95 12 14 2 85 59 90 32 13 99 56 47 88 31 43 71 46 49 84 28 33 79 57 7 15 25 65 86 66 27 78 48 83 38 40 34 74 36 68 19 29 58 4 52 94 93 50 11 3 76 81 89 54 60 82 62
706
13 46 58 52 41 67 21 55 63 98 1 35 77 73 11 90 32 83 31 96 87 64 38 33 16 14 45 84 28 71 23 20 59 81 12 62 9 94 37 42 72 92 7 48 50 19 2 36 61 44 78 89 10 26 30 79 68 6 3 100 60 74 49 4 39 76 22 91 18 17 47 15 57 29 8 97 70 80 86 69 54 93 27 88 51 5 56 82 99 25 65 53 43 85 24 34 75 66 95 40
711
50 53 73 43 35 100 86 66 76 48 25 38 42 69 83 99 3 52 98 16 90 88 45 72 80 19 31 54 79 1 92 61 60 36 94 5 74 34 81 39 58 47 55 96 33 95 10 77 18 87 12 70 20 7 11 78 91 29 57 82 26 40 85 65 64 13 68 93 63 32 97 14 9 51 41 62 59 27 75 2 4 89 17 23 28 6 8 84 44 67 30 46 56 49 37 21 15 71 24 22
706
62 31 65 80 44 1 10 100 77 57 58 78 73 34 92 66 46 94 55 48 79 89 2 86 51 98 43 11 29 9 96 7 13 81 15 14 19 71 85 59 88 61 90 49 17 64 25 33 52 93 40 8 16 97 12 75 26 20 18 68 72 69 91 87 56 50 67 27 82 3 60 30 32 47 5 28 45 36 23 74 22 95 21 99 6 70 83 42 24 4 76 63 84 38 39 54 35 41 53 37
720
27 7 60 12 30 51 70 67 11 31 91 46 74 88 6 79 63 28 44 38 78 4 21 93 14 9 3 19 5 90 25 34 40 24 16 23 18 76 99 71 20 97 53 61 10 96 72 86 80 15 95 65 52 62 29 33 77 2 82 94 98 87 8 48 57 58 41 54 32 35 66 43 36 47 92 59 50 17 26 22 68 56 81 85 75 89 45 69 55 13 37 84 1 42 49 73 100 39 83 64
707
5 59 94 83 73 15 3 89 45 90 54 68 16 18 93 27 44 32 63 19 62 82 85 87 6 26 10 96 37 47 48 43 1 64 40 29 56 88 2 41 50 53 76 42 99 39 92 52 84 79 13 17 30 46 28 75 95 66 72 86 24 31 78 14 74 49 57 25 65 91 8 22 81 69 70 12 33 58 11 34 35 4 71 61 7 23 51 98 100 60 80 36 9 77 97 38 20 21 67 55
716
94 65 96 3 67 26 64 20 21 8 59 29 10 27 42 50 38 16 68 97 39 57 34 66 53 24 93 17 45 5 11 84 62 22 43 70 77 2 76 58 74 25 33 12 89 82 51 9 48 92 36 1 79 80 100 31 14 86 37 46 54 90 40 32 85 73 91 87 19 18 13 60 49 15 75 88 99 23 55 71 78 63 95 35 83 56 4 81 30 28 41 47 72 61 6 44 69 7 98 52
711
9 88 46 44 86 77 94 10 53 40 19 39 35 47 57 3 74 22 64 45 82 51 31 55 83 48 13 36 32 26 41 85 100 34 63 42 70 23 90 20 8 80 14 81 93 6 58 72 28 27 24 79 15 91 5 67 69 25 97 66 12 38 2 75 30 29 37 11 1 17 33 92 95 71 50 18 60 56 96 16 87 49 62 21 54 7 76 43 65 61 99 89 52 84 59 98 68 73 78 4
710
90 82 11 42 44 55 76 75 65 98 83 70 21 62 86 20 19 7 89 36 80 5 92 33 25 56 73 32 51 79 30 10 100 48 8 39 34 81 6 95 99 43 67 18 15 47 54 9 31 68 22 66 41 53 17 57 16 94 35 45 88 24 12 77 46 28 69 50 49 59 61 4 52 38 29 63 84 72 71 87 64 2 1 96 85 37 14 60 27 3 58 26 97 91 40 23 13 74 93 78
718
24 68 72 36 90 37 49 100 78 20 62 51 85 40 10 28 64 31 29 58 67 86 12 1 19 94 2 82 97 91 74 75 3 33 84 81 98 4 87 14 41 88 46 15 25 61 80 79 35 65 70 34 32 63 54 39 9 44 16 69 76 59 95 45 50 27 92 5 30 57 60 8 96 18 23 43 99 83 71 56 48 11 73 13 93 89 55 7 77 53 47 6 17 52 21 38 26 42 66 22
714
13 63 27 75 7 87 28 3 66 71 1 18 84 26 83 41 12 68 94 97 38 90 42 16 11 74 85 49 35 89 69 91 19 50 100 52 15 2 95 39 44 47 93 67 73 21 78 20 62 43 45 88 92 61 9 34 23 37 40 6 33 60 58 55 79 4 25 96 70 30 17 24 57 48 81 86 72 10 65 77 46 82 5 99 54 76 53 32 59 22 31 80 98 56 36 51 8 64 14 29
701
64 3 32 45 4 48 90 97 86 20 49 100 46 65 77 72 44 89 37 35 21 63 84 9 66 57 62 53 34 69 92 88 94 83 51 79 11 10 15 58 26 41 81 39 33 8 67 59 50 30 75 96 73 93 6 71 68 82 25 29 22 19 23 1 27 78 38 55 74 36 85 91 7 42 47 43 99 70 98 16 14 95 80 17 2 87 40 76 5 60 28 52 61 56 31 12 54 24 18 13
722
68 76 92 59 66 71 60 43 16 22 74 82 78 32 100 58 80 64 51 37 19 69 70 56 49 90 98 33 40 15 38 88 31 36 10 87 65 2 99 54 39 27 17 86 7 25 48 83 85 72 41 63 20 55 67 53 84 94 6 24 45 11 30 35 89 8 28 61 12 47 75 3 42 23 62 34 93 13 14 52 50 46 1 81 79 91 57 29 97 26 21 95 4 5 73 18 77 9 44 96
728
37 44 22 43 82 30 50 98 66 40 27 54 36 70 10 31 69 90 15 88 84 96 57 19 2 18 5 95 100 3 41 91 20 51 17 97 48 33 16 35 55 89 71 11 9 23 32 78 83 72 85 47 74 76 58 59 39 34 46 38 65 62 75 94 63 28 73 49 13 79 92 8 56 64 77 21 1 4 45 29 99 80 25 68 60 52 24 6 14 87 53 93 26 67 12 61 42 86 81 7
724
24 33 62 97 29 16 67 79 17 37 58 93 38 91 92 28 20 80 22 54 85 55 7 96 2 1 87 75 71 73 44 89 34 61 94 77 74 13 10 42 35 23 57 41 8 76 60 51 52 21 15 11 18 88 40 39 95 68 46 83 50 30 82 78 43 32 48 86 59 53 100 6 26 64 36 81 90 9 65 27 72 45 84 3 99 70 4 19 31 47 14 56 98 69 49 66 25 12 63 5
723
57 71 58 8 92 67 46 77 65 56 54 93 96 64 97 19 95 11 50 59 23 49 45 42 85 6 84 48 51 74 98 1 7 18 4 38 63 9 44 53 24 34 76 37 81 20 26 5 13 33 87 82 10 28 89 15 52 62 47 94 17 60 40 2 35 36 12 43 78 22 66 79 80 75 30 32 21 99 3 90 41 39 27 73 31 55 86 68 70 29 25 88 72 16 100 61 83 91 69 14
702
82 58 9 6 47 46 25 17 86 28 5 84 44 18 76 27 54 31 48 32 72 52 83 50 22 78 64 63 65 14 91 97 8 92 16 70 13 53 61 20 88 3 94 71 99 30 11 100 24 26 42 29 4 35 75 85 7 95 39 87 37 45 74 2 89 19 40 68 57 56 73 1 90 41 51 81 80 12 36 79 59 38 15 67 10 60 49 23 77 33 98 96 55 43 66 34 62 69 21 93
703
98 13 26 92 16 40 18 43 66 20 29 41 78 2 88 57 34 70 48 1 6 79 68 67 81 89 7 90 64 32 58 25 30 82 8 87 69 21 62 53 55 12 56 19 24 27 80 59 61 71 52 46 97 99 3 76 14 36 77 51 47 75 23 50 84 65 10 74 33 95 73 28 15 86 35 72 83 93 63 54 4 91 100 96 94 44 49 5 85 60 45 42 22 9 38 31 39 11 37 17
727
59 31 49 36 61 23 41 89 70 78 99 56 85 28 63 17 37 10 15 62 82 5 54 53 71 30 88 77 90 46 6 9 1 96 73 16 35 12 33 43 11 97 92 44 75 76 83 27 38 68 7 95 64 66 86 67 48 69 94 98 26 21 93 58 51 34 42 22 84 50 24 55 74 47 40 13 91 8 79 72 25 52 32 20 81 87 18 60 45 14 39 80 19 57 3 29 2 65 4 100
740
12 89 7 68 75 94 49 72 16 96 28 5 73 35 77 15 65 34 4 14 81 76 32 80 47 70 43 3 53 52 55 61 50 54 69 29 84 13 86 18 64 74 67 62 1 24 22 25 44 21 30 56 48 57 46 19 42 8 45 79 11 71 26 63 40 60 83 39 82 10 17 99 37 90 93 33 92 51 66 2 78 95 38 41 85 97 23 88 20 98 59 36 91 27 9 100 6 31 87 58
704
86 63 75 53 31 33 48 94 61 82 100 5 29 79 17 92 13 21 23 98 35 97 87 12 30 68 65 78 46 88 42 36 40 20 2 3 62 1 9 41 39 66 28 70 67 38 19 49 52 81 51 93 91 22 71 64 43 59 99 84 24 7 25 90 8 55 34 32 37 95 11 57 60 74 56 47 77 72 45 96 15 44 89 80 27 10 16 6 69 83 54 73 18 50 26 4 85 58 76 14
708
72 8 42 3 5 78 75 82 56 27 55 12 79 77 63 35 39 89 21 16 29 74 57 45 88 73 66 67 58 91 47 2 30 94 62 99 81 41 64 32 90 70 69 51 80 23 36 19 97 71 26 85 49 4 31 34 11 48 65 87 24 52 10 68 100 98 28 15 54 20 13 7 50 84 9 14 61 6 22 37 95 83 38 93 76 92 96 25 59 17 53 46 44 43 86 40 1 33 60 18
717
75 2 61 10 79 20 91 22 78 92 70 81 96 59 11 88 48 16 25 40 24 53 95 44 65 9 37 23 38 60 12 5 100 19 66 31 54 39 21 76 14 57 74 86 41 97 35 68 87 55 45 4 36 34 33 17 72 71 77 3 62 50 42 30 52 32 6 82 1 83 28 56 26 98 63 51 73 84 85 29 58 67 7 69 49 18 99 93 94 47 90 43 27 8 13 64 80 15 89 46
720
4 15 20 56 24 55 47 90 32 50 27 11 42 85 49 94 14 93 67 48 36 68 76 9 31 28 98 66 25 19 2 73 13 46 60 62 29 88 23 35 57 72 12 53 89 79 10 75 34 77 100 21 58 18 30 33 22 1 45 99 5 39 17 91 6 71 97 86 8 63 87 61 65 78 82 81 74 44 83 80 51 84 54 43 64 16 92 95 37 41 96 3 69 7 40 38 26 70 59 52
704
59 49 88 62 42 58 43 93 26 73 36 13 41 97 85 19 17 4 70 86 61 30 79 83 48 90 45 7 87 89 34 9 21 20 16 46 57 28 29 76 14 98 5 54 38 95 65 52 100 77 23 47 55 12 37 82 66 60 80 53 78 56 22 18 24 84 3 25 50 99 81 31 2 72 6 33 15 91 68 64 27 92 11 40 63 1 39 67 44 35 32 75 10 8 51 71 69 96 94 74
721
82 50 66 32 17 25 24 71 16 26 14 21 90 11 12 54 38 62 53 69 35 81 52 75 61 23 89 86 37 13 42 43 96 88 41 31 100 8 18 4 60 36 55 84 3 5 34 97 98 95 99 80 20 77 79 67 15 58 2 72 91 46 57 49 1 7 59 33 44 93 10 68 28 76 30 19 39 64 94 83 65 74 51 56 22 45 70 6 29 87 85 73 27 78 47 92 63 40 9 48
717
100 71 46 68 33 13 82 16 8 41 23 7 70 77 61 55 65 96 66 22 63 80 12 79 20 47 37 67 76 40 44 14 91 34 19 89 73 42 93 18 94 90 45 24 75 86 43 10 21 88 92 54 72 51 3 28 85 99 58 5 30 11 1 27 81 95 39 26 25 62 17 49 4 87 50 64 6 29 97 56 36 98 74 60 38 69 84 9 32 83 48 15 35 78 52 53 2 57 59 31
712
14 10 58 67 98 66 30 51 17 94 4 44 22 28 24 79 38 53 73 62 27 1 7 20 82 2 81 63 39 99 50 97 37 68 32 90 5 80 88 8 84 6 29 91 3 75 49 21 23 55 71 74 15 64 45 43 47 89 61 100 78 59 40 12 72 36 42 57 83 18 46 11 85 96 69 95 56 65 34 33 9 54 70 77 19 93 35 76 13 25 31 92 41 52 26 60 87 86 16 48
723
100 63 42 87 61 57 47 82 19 8 97 16 83 23 41 31 95 25 20 43 35 71 3 88 33 94 76 79 5 85 60 17 9 12 13 4 38 80 99 86 27 22 73 89 58 50 28 32 53 2 96 74 11 54 59 6 77 68 44 26 34 40 67 92 81 55 36 7 56 75 91 84 45 18 37 66 29 1 49 10 72 21 15 52 39 24 70 14 65 51 78 90 69 46 93 64 98 30 62 48
707
16 6 12 77 13 99 89 58 40 95 49 19 20 31 2 88 38 70 39 36 69 52 47 96 79 27 42 25 87 71 65 75 1 54 4 55 15 80 53 62 18 30 43 32 3 33 22 61 73 9 21 90 57 74 59 67 8 100 17 7 98 60 5 23 72 50 84 82 66 26 24 92 94 93 64 91 63 68 97 81 37 46 48 76 83 14 56 45 51 10 86 44 78 34 85 11 35 28 41 29
703
23 46 39 16 80 9 13 97 4 87 51 44 69 24 42 15 64 54 29 74 26 25 33 94 60 18 78 55 37 1 90 27 40 93 91 76 35 61 56 2 17 96 95 36 14 22 28 38 5 62 75 50 89 98 84 83 20 59 68 67 10 53 31 99 66 12 77 11 73 79 52 71 6 58 63 85 43 49 57 65 88 45 48 82 86 47 41 70 92 81 34 32 100 19 8 3 21 30 7 72
712
4 47 85 56 51 5 42 30 36 16 48 6 97 95 12 100 15 81 17 31 92 11 67 63 14 27 59 3 86 8 88 37 1 96 34 21 7 61 33 62 70 60 72 75 29 19 89 38 45 26 65 71 82 91 64 83 22 49 44 74 73 43 46 18 41 50 80 39 99 52 84 87 79 13 76 57 98 54 93 90 77 23 68 40 78 32 10 69 24 55 2 53 20 9 28 66 94 25 35 58
709
40 6 25 1 27 52 28 53 24 90 92 22 29 66 50 31 67 20 97 13 64 33 17 89 37 51 71 78 19 16 59 69 30 34 21 84 80 94 15 35 74 65 7 10 55 56 88 54 81 68 3 61 23 44 26 38 45 43 93 58 85 86 41 95 100 76 73 79 36 5 18 77 57 12 98 72 47 4 96 63 70 83 48 49 42 87 14 46 32 9 11 91 39 75 99 60 8 62 82 2
705
26 90 28 88 66 9 84 25 4 55 12 81 75 62 68 50 72 1 2 46 51 7 100 31 36 22 69 60 58 45 30 65 86 19 37 76 13 79 93 15 6 43 98 59 27 83 73 80 41 29 91 3 18 8 96 61 85 33 5 57 95 24 54 32 92 56 70 74 44 17 38 11 82 52 20 71 64 48 63 94 14 97 99 42 47 21 77 89 87 16 78 35 10 23 39 34 49 53 40 67
713
53 27 9 76 62 5 67 25 74 40 20 78 87 48 1 70 84 93 3 47 30 71 2 89 34 82 63 11 83 86 18 80 16 22 41 49 60 28 99 43 79 8 42 46 23 75 94 35 10 51 97 26 55 36 45 95 21 31 52 44 39 69 92 58 85 72 68 65 15 96 56 29 13 100 54 61 50 12 17 59 32 57 98 19 73 6 7 91 90 24 81 33 38 37 77 66 64 14 4 88
707
100 78 6 23 7 13 16 57 36 20 42 93 69 12 59 27 22 75 41 60 65 77 10 58 3 79 4 61 55 87 52 49 66 34 98 11 37 94 48 33 74 68 83 15 72 99 90 73 45 9 88 56 40 53 18 50 44 28 30 47 38 25 51 1 82 21 67 39 43 24 70 32 84 95 14 92 81 63 26 8 35 31 86 54 17 5 62 64 96 46 29 76 80 71 19 91 85 2 97 89
719
33 29 22 69 71 38 84 36 10 16 32 12 21 98 8 87 34 17 6 27 78 42 25 3 62 5 80 47 83 28 88 58 49 60 45 1 53 39 55 15 24 91 46 95 48 63 23 76 44 92 54 82 68 85 61 79 18 41 75 26 89 11 30 94 51 43 81 96 35 40 64 74 73 50 57 72 90 66 100 37 2 70 65 4 52 7 9 20 19 86 97 93 67 77 59 13 99 31 14 56
715
100 73 84 41 35 37 53 58 99 62 69 59 28 75 47 57 25 39 85 49 6 42 92 18 40 4 77 61 48 3 98 72 11 26 91 46 34 71 5 89 27 56 65 54 66 87 9 45 64 50 29 60 16 51 82 10 96 68 12 74 20 83 19 1 86 33 76 24 31 13 36 21 90 52 22 14 79 94 88 30 67 32 95 63 44 23 93 70 78 81 8 55 43 38 17 2 80 15 97 7
